{
 "cells": [
  {
   "cell_type": "markdown",
   "metadata": {},
   "source": [
    "# Exercises "
   ]
  },
  {
   "cell_type": "markdown",
   "metadata": {},
   "source": [
    "## 1. Read the planetary data in the text file $planetData.txt$ into a Pandas DataFrame and perform the following tasks."
   ]
  },
  {
   "cell_type": "markdown",
   "metadata": {},
   "source": [
    "## (a) Based on the data read in from the file $planetData.txt$, find the average density of each planet relative to that of the Earth and add the results as a column in your DataFrame.\n",
    "\n",
    "## (b) Print out your DataFrame sorted from the largest to smallest diameter planet.\n",
    "\n",
    "## (c) Make a list of planets that have masses greater than that of Earth, sorted from least to most massive planet."
   ]
  },
  {
   "cell_type": "code",
   "execution_count": 6,
   "metadata": {},
   "outputs": [
    {
     "data": {
      "text/html": [
       "<div>\n",
       "<style scoped>\n",
       "    .dataframe tbody tr th:only-of-type {\n",
       "        vertical-align: middle;\n",
       "    }\n",
       "\n",
       "    .dataframe tbody tr th {\n",
       "        vertical-align: top;\n",
       "    }\n",
       "\n",
       "    .dataframe thead th {\n",
       "        text-align: right;\n",
       "    }\n",
       "</style>\n",
       "<table border=\"1\" class=\"dataframe\">\n",
       "  <thead>\n",
       "    <tr style=\"text-align: right;\">\n",
       "      <th></th>\n",
       "      <th>distance</th>\n",
       "      <th>mass</th>\n",
       "      <th>gravity</th>\n",
       "      <th>diameter</th>\n",
       "      <th>year</th>\n",
       "    </tr>\n",
       "  </thead>\n",
       "  <tbody>\n",
       "    <tr>\n",
       "      <th>Mercury</th>\n",
       "      <td>0.39</td>\n",
       "      <td>0.0550</td>\n",
       "      <td>0.380</td>\n",
       "      <td>0.38</td>\n",
       "      <td>0.24</td>\n",
       "    </tr>\n",
       "    <tr>\n",
       "      <th>Venus</th>\n",
       "      <td>0.72</td>\n",
       "      <td>0.8200</td>\n",
       "      <td>0.910</td>\n",
       "      <td>0.95</td>\n",
       "      <td>0.62</td>\n",
       "    </tr>\n",
       "    <tr>\n",
       "      <th>Earth</th>\n",
       "      <td>1.00</td>\n",
       "      <td>1.0000</td>\n",
       "      <td>1.000</td>\n",
       "      <td>1.00</td>\n",
       "      <td>1.00</td>\n",
       "    </tr>\n",
       "    <tr>\n",
       "      <th>Mars</th>\n",
       "      <td>1.52</td>\n",
       "      <td>0.1100</td>\n",
       "      <td>0.380</td>\n",
       "      <td>0.53</td>\n",
       "      <td>1.88</td>\n",
       "    </tr>\n",
       "    <tr>\n",
       "      <th>Jupiter</th>\n",
       "      <td>5.20</td>\n",
       "      <td>318.0000</td>\n",
       "      <td>2.360</td>\n",
       "      <td>11.20</td>\n",
       "      <td>11.90</td>\n",
       "    </tr>\n",
       "    <tr>\n",
       "      <th>Saturn</th>\n",
       "      <td>9.58</td>\n",
       "      <td>95.0000</td>\n",
       "      <td>0.920</td>\n",
       "      <td>9.45</td>\n",
       "      <td>29.00</td>\n",
       "    </tr>\n",
       "    <tr>\n",
       "      <th>Uranus</th>\n",
       "      <td>19.20</td>\n",
       "      <td>15.0000</td>\n",
       "      <td>0.890</td>\n",
       "      <td>4.01</td>\n",
       "      <td>84.00</td>\n",
       "    </tr>\n",
       "    <tr>\n",
       "      <th>Neptune</th>\n",
       "      <td>30.00</td>\n",
       "      <td>17.0000</td>\n",
       "      <td>1.120</td>\n",
       "      <td>3.88</td>\n",
       "      <td>164.00</td>\n",
       "    </tr>\n",
       "    <tr>\n",
       "      <th>Pluto</th>\n",
       "      <td>39.50</td>\n",
       "      <td>0.0024</td>\n",
       "      <td>0.071</td>\n",
       "      <td>0.19</td>\n",
       "      <td>248.00</td>\n",
       "    </tr>\n",
       "  </tbody>\n",
       "</table>\n",
       "</div>"
      ],
      "text/plain": [
       "         distance      mass  gravity  diameter    year\n",
       "Mercury      0.39    0.0550    0.380      0.38    0.24\n",
       "Venus        0.72    0.8200    0.910      0.95    0.62\n",
       "Earth        1.00    1.0000    1.000      1.00    1.00\n",
       "Mars         1.52    0.1100    0.380      0.53    1.88\n",
       "Jupiter      5.20  318.0000    2.360     11.20   11.90\n",
       "Saturn       9.58   95.0000    0.920      9.45   29.00\n",
       "Uranus      19.20   15.0000    0.890      4.01   84.00\n",
       "Neptune     30.00   17.0000    1.120      3.88  164.00\n",
       "Pluto       39.50    0.0024    0.071      0.19  248.00"
      ]
     },
     "execution_count": 6,
     "metadata": {},
     "output_type": "execute_result"
    }
   ],
   "source": [
    "#(a)\n",
    "\n",
    "import pandas as pd\n",
    "import numpy as np\n",
    "\n",
    "#Read in the data file\n",
    "planets = pd.read_table('planetData.txt', sep='\\s+')\n",
    "planets"
   ]
  },
  {
   "cell_type": "code",
   "execution_count": 13,
   "metadata": {},
   "outputs": [
    {
     "data": {
      "text/html": [
       "<div>\n",
       "<style scoped>\n",
       "    .dataframe tbody tr th:only-of-type {\n",
       "        vertical-align: middle;\n",
       "    }\n",
       "\n",
       "    .dataframe tbody tr th {\n",
       "        vertical-align: top;\n",
       "    }\n",
       "\n",
       "    .dataframe thead th {\n",
       "        text-align: right;\n",
       "    }\n",
       "</style>\n",
       "<table border=\"1\" class=\"dataframe\">\n",
       "  <thead>\n",
       "    <tr style=\"text-align: right;\">\n",
       "      <th></th>\n",
       "      <th>distance</th>\n",
       "      <th>mass</th>\n",
       "      <th>gravity</th>\n",
       "      <th>diameter</th>\n",
       "      <th>year</th>\n",
       "      <th>Density</th>\n",
       "      <th>DensityR</th>\n",
       "    </tr>\n",
       "  </thead>\n",
       "  <tbody>\n",
       "    <tr>\n",
       "      <th>Mercury</th>\n",
       "      <td>0.39</td>\n",
       "      <td>0.0550</td>\n",
       "      <td>0.380</td>\n",
       "      <td>0.38</td>\n",
       "      <td>0.24</td>\n",
       "      <td>1.914314</td>\n",
       "      <td>3.656071</td>\n",
       "    </tr>\n",
       "    <tr>\n",
       "      <th>Venus</th>\n",
       "      <td>0.72</td>\n",
       "      <td>0.8200</td>\n",
       "      <td>0.910</td>\n",
       "      <td>0.95</td>\n",
       "      <td>0.62</td>\n",
       "      <td>1.826604</td>\n",
       "      <td>3.488557</td>\n",
       "    </tr>\n",
       "    <tr>\n",
       "      <th>Earth</th>\n",
       "      <td>1.00</td>\n",
       "      <td>1.0000</td>\n",
       "      <td>1.000</td>\n",
       "      <td>1.00</td>\n",
       "      <td>1.00</td>\n",
       "      <td>1.909859</td>\n",
       "      <td>3.647563</td>\n",
       "    </tr>\n",
       "    <tr>\n",
       "      <th>Mars</th>\n",
       "      <td>1.52</td>\n",
       "      <td>0.1100</td>\n",
       "      <td>0.380</td>\n",
       "      <td>0.53</td>\n",
       "      <td>1.88</td>\n",
       "      <td>1.411128</td>\n",
       "      <td>2.695056</td>\n",
       "    </tr>\n",
       "    <tr>\n",
       "      <th>Jupiter</th>\n",
       "      <td>5.20</td>\n",
       "      <td>318.0000</td>\n",
       "      <td>2.360</td>\n",
       "      <td>11.20</td>\n",
       "      <td>11.90</td>\n",
       "      <td>0.432289</td>\n",
       "      <td>0.825612</td>\n",
       "    </tr>\n",
       "    <tr>\n",
       "      <th>Saturn</th>\n",
       "      <td>9.58</td>\n",
       "      <td>95.0000</td>\n",
       "      <td>0.920</td>\n",
       "      <td>9.45</td>\n",
       "      <td>29.00</td>\n",
       "      <td>0.214996</td>\n",
       "      <td>0.410611</td>\n",
       "    </tr>\n",
       "    <tr>\n",
       "      <th>Uranus</th>\n",
       "      <td>19.20</td>\n",
       "      <td>15.0000</td>\n",
       "      <td>0.890</td>\n",
       "      <td>4.01</td>\n",
       "      <td>84.00</td>\n",
       "      <td>0.444283</td>\n",
       "      <td>0.848518</td>\n",
       "    </tr>\n",
       "    <tr>\n",
       "      <th>Neptune</th>\n",
       "      <td>30.00</td>\n",
       "      <td>17.0000</td>\n",
       "      <td>1.120</td>\n",
       "      <td>3.88</td>\n",
       "      <td>164.00</td>\n",
       "      <td>0.555847</td>\n",
       "      <td>1.061589</td>\n",
       "    </tr>\n",
       "    <tr>\n",
       "      <th>Pluto</th>\n",
       "      <td>39.50</td>\n",
       "      <td>0.0024</td>\n",
       "      <td>0.071</td>\n",
       "      <td>0.19</td>\n",
       "      <td>248.00</td>\n",
       "      <td>0.668270</td>\n",
       "      <td>1.276301</td>\n",
       "    </tr>\n",
       "  </tbody>\n",
       "</table>\n",
       "</div>"
      ],
      "text/plain": [
       "         distance      mass  gravity  diameter    year   Density  DensityR\n",
       "Mercury      0.39    0.0550    0.380      0.38    0.24  1.914314  3.656071\n",
       "Venus        0.72    0.8200    0.910      0.95    0.62  1.826604  3.488557\n",
       "Earth        1.00    1.0000    1.000      1.00    1.00  1.909859  3.647563\n",
       "Mars         1.52    0.1100    0.380      0.53    1.88  1.411128  2.695056\n",
       "Jupiter      5.20  318.0000    2.360     11.20   11.90  0.432289  0.825612\n",
       "Saturn       9.58   95.0000    0.920      9.45   29.00  0.214996  0.410611\n",
       "Uranus      19.20   15.0000    0.890      4.01   84.00  0.444283  0.848518\n",
       "Neptune     30.00   17.0000    1.120      3.88  164.00  0.555847  1.061589\n",
       "Pluto       39.50    0.0024    0.071      0.19  248.00  0.668270  1.276301"
      ]
     },
     "execution_count": 13,
     "metadata": {},
     "output_type": "execute_result"
    }
   ],
   "source": [
    "#Let's add the colummn\n",
    "\n",
    "Volume = (4./3.)*np.pi*(planets['diameter']/2.)**3\n",
    "\n",
    "planets['Density'] = planets['mass']/Volume\n",
    "planets\n",
    "\n",
    "#Density of the earth\n",
    "Volumearh = (4./3.)*np.pi*(1.00/2.)**3\n",
    "\n",
    "planets['DensityR'] = planets['Density']/Volumearh\n",
    "planets"
   ]
  },
  {
   "cell_type": "code",
   "execution_count": 16,
   "metadata": {},
   "outputs": [
    {
     "data": {
      "text/html": [
       "<div>\n",
       "<style scoped>\n",
       "    .dataframe tbody tr th:only-of-type {\n",
       "        vertical-align: middle;\n",
       "    }\n",
       "\n",
       "    .dataframe tbody tr th {\n",
       "        vertical-align: top;\n",
       "    }\n",
       "\n",
       "    .dataframe thead th {\n",
       "        text-align: right;\n",
       "    }\n",
       "</style>\n",
       "<table border=\"1\" class=\"dataframe\">\n",
       "  <thead>\n",
       "    <tr style=\"text-align: right;\">\n",
       "      <th></th>\n",
       "      <th>distance</th>\n",
       "      <th>mass</th>\n",
       "      <th>gravity</th>\n",
       "      <th>diameter</th>\n",
       "      <th>year</th>\n",
       "      <th>Density</th>\n",
       "      <th>DensityR</th>\n",
       "    </tr>\n",
       "  </thead>\n",
       "  <tbody>\n",
       "    <tr>\n",
       "      <th>Jupiter</th>\n",
       "      <td>5.20</td>\n",
       "      <td>318.0000</td>\n",
       "      <td>2.360</td>\n",
       "      <td>11.20</td>\n",
       "      <td>11.90</td>\n",
       "      <td>0.432289</td>\n",
       "      <td>0.825612</td>\n",
       "    </tr>\n",
       "    <tr>\n",
       "      <th>Saturn</th>\n",
       "      <td>9.58</td>\n",
       "      <td>95.0000</td>\n",
       "      <td>0.920</td>\n",
       "      <td>9.45</td>\n",
       "      <td>29.00</td>\n",
       "      <td>0.214996</td>\n",
       "      <td>0.410611</td>\n",
       "    </tr>\n",
       "    <tr>\n",
       "      <th>Uranus</th>\n",
       "      <td>19.20</td>\n",
       "      <td>15.0000</td>\n",
       "      <td>0.890</td>\n",
       "      <td>4.01</td>\n",
       "      <td>84.00</td>\n",
       "      <td>0.444283</td>\n",
       "      <td>0.848518</td>\n",
       "    </tr>\n",
       "    <tr>\n",
       "      <th>Neptune</th>\n",
       "      <td>30.00</td>\n",
       "      <td>17.0000</td>\n",
       "      <td>1.120</td>\n",
       "      <td>3.88</td>\n",
       "      <td>164.00</td>\n",
       "      <td>0.555847</td>\n",
       "      <td>1.061589</td>\n",
       "    </tr>\n",
       "    <tr>\n",
       "      <th>Earth</th>\n",
       "      <td>1.00</td>\n",
       "      <td>1.0000</td>\n",
       "      <td>1.000</td>\n",
       "      <td>1.00</td>\n",
       "      <td>1.00</td>\n",
       "      <td>1.909859</td>\n",
       "      <td>3.647563</td>\n",
       "    </tr>\n",
       "    <tr>\n",
       "      <th>Venus</th>\n",
       "      <td>0.72</td>\n",
       "      <td>0.8200</td>\n",
       "      <td>0.910</td>\n",
       "      <td>0.95</td>\n",
       "      <td>0.62</td>\n",
       "      <td>1.826604</td>\n",
       "      <td>3.488557</td>\n",
       "    </tr>\n",
       "    <tr>\n",
       "      <th>Mars</th>\n",
       "      <td>1.52</td>\n",
       "      <td>0.1100</td>\n",
       "      <td>0.380</td>\n",
       "      <td>0.53</td>\n",
       "      <td>1.88</td>\n",
       "      <td>1.411128</td>\n",
       "      <td>2.695056</td>\n",
       "    </tr>\n",
       "    <tr>\n",
       "      <th>Mercury</th>\n",
       "      <td>0.39</td>\n",
       "      <td>0.0550</td>\n",
       "      <td>0.380</td>\n",
       "      <td>0.38</td>\n",
       "      <td>0.24</td>\n",
       "      <td>1.914314</td>\n",
       "      <td>3.656071</td>\n",
       "    </tr>\n",
       "    <tr>\n",
       "      <th>Pluto</th>\n",
       "      <td>39.50</td>\n",
       "      <td>0.0024</td>\n",
       "      <td>0.071</td>\n",
       "      <td>0.19</td>\n",
       "      <td>248.00</td>\n",
       "      <td>0.668270</td>\n",
       "      <td>1.276301</td>\n",
       "    </tr>\n",
       "  </tbody>\n",
       "</table>\n",
       "</div>"
      ],
      "text/plain": [
       "         distance      mass  gravity  diameter    year   Density  DensityR\n",
       "Jupiter      5.20  318.0000    2.360     11.20   11.90  0.432289  0.825612\n",
       "Saturn       9.58   95.0000    0.920      9.45   29.00  0.214996  0.410611\n",
       "Uranus      19.20   15.0000    0.890      4.01   84.00  0.444283  0.848518\n",
       "Neptune     30.00   17.0000    1.120      3.88  164.00  0.555847  1.061589\n",
       "Earth        1.00    1.0000    1.000      1.00    1.00  1.909859  3.647563\n",
       "Venus        0.72    0.8200    0.910      0.95    0.62  1.826604  3.488557\n",
       "Mars         1.52    0.1100    0.380      0.53    1.88  1.411128  2.695056\n",
       "Mercury      0.39    0.0550    0.380      0.38    0.24  1.914314  3.656071\n",
       "Pluto       39.50    0.0024    0.071      0.19  248.00  0.668270  1.276301"
      ]
     },
     "execution_count": 16,
     "metadata": {},
     "output_type": "execute_result"
    }
   ],
   "source": [
    "#(b)\n",
    "planets.sort_values(by='diameter', ascending=False)"
   ]
  },
  {
   "cell_type": "code",
   "execution_count": 37,
   "metadata": {},
   "outputs": [
    {
     "data": {
      "text/html": [
       "<div>\n",
       "<style scoped>\n",
       "    .dataframe tbody tr th:only-of-type {\n",
       "        vertical-align: middle;\n",
       "    }\n",
       "\n",
       "    .dataframe tbody tr th {\n",
       "        vertical-align: top;\n",
       "    }\n",
       "\n",
       "    .dataframe thead th {\n",
       "        text-align: right;\n",
       "    }\n",
       "</style>\n",
       "<table border=\"1\" class=\"dataframe\">\n",
       "  <thead>\n",
       "    <tr style=\"text-align: right;\">\n",
       "      <th></th>\n",
       "      <th>mass</th>\n",
       "    </tr>\n",
       "  </thead>\n",
       "  <tbody>\n",
       "    <tr>\n",
       "      <th>Jupiter</th>\n",
       "      <td>318.0</td>\n",
       "    </tr>\n",
       "    <tr>\n",
       "      <th>Saturn</th>\n",
       "      <td>95.0</td>\n",
       "    </tr>\n",
       "    <tr>\n",
       "      <th>Uranus</th>\n",
       "      <td>15.0</td>\n",
       "    </tr>\n",
       "    <tr>\n",
       "      <th>Neptune</th>\n",
       "      <td>17.0</td>\n",
       "    </tr>\n",
       "  </tbody>\n",
       "</table>\n",
       "</div>"
      ],
      "text/plain": [
       "          mass\n",
       "Jupiter  318.0\n",
       "Saturn    95.0\n",
       "Uranus    15.0\n",
       "Neptune   17.0"
      ]
     },
     "execution_count": 37,
     "metadata": {},
     "output_type": "execute_result"
    }
   ],
   "source": [
    "#(c)\n",
    "\n",
    "mass = planets.loc[planets['mass'] > planets['mass']['Earth'], 'mass']\n",
    "pd.DataFrame(mass)"
   ]
  },
  {
   "cell_type": "markdown",
   "metadata": {},
   "source": [
    "## (2) Starting from the program $urlRead.py$ on page 261, write a program that compares the fluctuations of all the currencies relative to the US dollar (or some other currency of your choosing). Your code should find the average $a$, maximum $m$, and standard deviation $s$ of the value of each currency relative to the US dollar over the period of time starting from the first business day of 2017, January $3^{rd}$. Then create a DataFrame with columns that list $mx = m/a$ and $sd = s/a$ along with the name of each currency, as shown in the listing below. The DataFrame should be sorted from the largest $mx$ to the smallest."
   ]
  },
  {
   "cell_type": "code",
   "execution_count": null,
   "metadata": {},
   "outputs": [],
   "source": []
  }
 ],
 "metadata": {
  "kernelspec": {
   "display_name": "Python 3",
   "language": "python",
   "name": "python3"
  },
  "language_info": {
   "codemirror_mode": {
    "name": "ipython",
    "version": 3
   },
   "file_extension": ".py",
   "mimetype": "text/x-python",
   "name": "python",
   "nbconvert_exporter": "python",
   "pygments_lexer": "ipython3",
   "version": "3.6.10"
  }
 },
 "nbformat": 4,
 "nbformat_minor": 4
}
